5.  0.112202  
4.93968  21.7520  
6.38740  14.5378  
9.40349  7.49894  
13.3244  4.59727  
16.2198  3.65174  
20.4424  2.90068  
24.6046  2.58523  
29.6113  2.73842  
33.9544  2.90068  
36.4276  2.98538  
38.0563  2.66073  
40.1072  2.23872  
41.4946  1.83021  
43.6059  1.22321  
46.9839  0.595662  
48.7332  0.365174  
50.0603  0.223872  
50.7239  0.100000
50.7239  0.0001
37.2118  0.0001
37.2118  0.100000  
36.9705  0.344747  
36.0657  0.446684  
33.7735  0.530884  
29.7922  0.595662  
25.5697  0.687860  
22.4933  0.707946  
19.2359  0.668344  
16.3405  0.595662  
12.7815  0.398107  
9.88606  0.281838  
7.53351  0.193865  
5.12064  0.100000  

