 5.135e+00  6.095e+00  1.711e+01 
 5.314e+00  5.903e+00  3.291e+01 
 5.488e+00  5.822e+00  6.357e+01 
 5.172e+00  5.965e+00  2.198e+01 
 5.383e+00  5.918e+00  3.755e+01 
 5.397e+00  6.031e+00  3.080e+01 
 5.181e+00  6.169e+00  1.670e+01 
 5.374e+00  5.776e+00  5.127e+01 
 5.313e+00  5.966e+00  2.905e+01 
 5.424e+00  5.875e+00  4.602e+01 
 5.315e+00  5.917e+00  3.207e+01 
 5.215e+00  6.010e+00  2.216e+01 
 5.255e+00  5.907e+00  2.865e+01 
 5.280e+00  6.084e+00  2.223e+01 
 5.478e+00  5.696e+00  9.028e+01 
 5.439e+00  5.838e+00  5.262e+01 
 5.188e+00  6.185e+00  1.654e+01 
 5.251e+00  6.066e+00  2.168e+01 
 5.346e+00  6.137e+00  2.308e+01 
 5.174e+00  5.954e+00  2.245e+01 
 5.540e+00  5.764e+00  9.011e+01 
 5.240e+00  6.130e+00  1.935e+01 
 5.315e+00  6.041e+00  2.550e+01 
 5.615e+00  5.761e+00  1.206e+02 
 5.383e+00  5.897e+00  3.932e+01 
 5.424e+00  5.680e+00  7.867e+01 
 5.514e+00  5.703e+00  1.006e+02 
 5.219e+00  6.186e+00  1.733e+01 
 5.241e+00  6.106e+00  2.006e+01 
 5.299e+00  5.789e+00  4.055e+01 
 5.201e+00  5.909e+00  2.551e+01 
 5.497e+00  5.835e+00  6.301e+01 
 5.210e+00  6.439e+00  1.286e+01 
 5.181e+00  6.159e+00  1.692e+01 
 5.331e+00  6.174e+00  2.121e+01 
 5.188e+00  6.097e+00  1.858e+01 
 5.371e+00  5.902e+00  3.775e+01 
 5.247e+00  5.976e+00  2.491e+01 
 5.202e+00  5.994e+00  2.219e+01 
 5.388e+00  5.769e+00  5.437e+01 
 5.402e+00  5.733e+00  6.256e+01 
 5.432e+00  5.910e+00  4.326e+01 
 5.208e+00  5.906e+00  2.601e+01 
 5.318e+00  5.918e+00  3.222e+01 
 5.286e+00  6.163e+00  1.995e+01 
 5.357e+00  5.997e+00  3.012e+01 
 5.186e+00  6.523e+00  1.158e+01 
 5.204e+00  6.030e+00  2.106e+01 
 5.670e+00  5.727e+00  1.734e+02 
 5.050e+00  6.463e+00  1.048e+01 
 5.333e+00  6.042e+00  2.638e+01 
 5.413e+00  5.776e+00  5.745e+01 
 5.166e+00  6.041e+00  1.939e+01 
 5.365e+00  5.972e+00  3.219e+01 
 5.383e+00  6.025e+00  3.022e+01 
 5.469e+00  5.837e+00  5.758e+01 
 5.538e+00  5.908e+00  5.837e+01 
 5.178e+00  6.105e+00  1.808e+01 
 5.189e+00  6.214e+00  1.598e+01 
 5.317e+00  6.129e+00  2.216e+01 
 5.140e+00  6.129e+00  1.651e+01 
 5.435e+00  5.881e+00  4.672e+01 
 5.214e+00  6.075e+00  2.004e+01 
 5.389e+00  6.037e+00  2.992e+01 
 5.249e+00  6.104e+00  2.040e+01 
 5.210e+00  5.973e+00  2.330e+01 
 5.525e+00  5.822e+00  7.147e+01 
 5.597e+00  5.695e+00  1.439e+02 
 5.650e+00  5.752e+00  1.438e+02 
 5.293e+00  6.154e+00  2.045e+01 
 5.328e+00  5.906e+00  3.378e+01 
 5.815e+00  5.575e+00  8.655e+02 
 5.172e+00  6.133e+00  1.725e+01 
 5.301e+00  5.825e+00  3.760e+01 
 5.142e+00  6.389e+00  1.241e+01 
 5.367e+00  5.888e+00  3.855e+01 
 5.156e+00  6.066e+00  1.840e+01 
 5.133e+00  6.152e+00  1.587e+01 
 5.343e+00  6.125e+00  2.340e+01 
 5.638e+00  5.823e+00  1.056e+02 
 5.443e+00  5.879e+00  4.799e+01 
 5.142e+00  6.166e+00  1.581e+01 
 5.461e+00  5.931e+00  4.443e+01 
 5.473e+00  5.837e+00  5.827e+01 
 5.273e+00  5.884e+00  3.114e+01 
 5.141e+00  6.160e+00  1.590e+01 
 5.515e+00  5.814e+00  7.085e+01 
 5.135e+00  6.449e+00  1.165e+01 
 5.659e+00  5.719e+00  1.707e+02 
 5.154e+00  6.549e+00  1.094e+01 
 5.221e+00  6.102e+00  1.950e+01 
 5.143e+00  6.192e+00  1.534e+01 
 5.443e+00  5.862e+00  5.006e+01 
 5.156e+00  6.150e+00  1.647e+01 
 5.287e+00  5.987e+00  2.648e+01 
 5.277e+00  6.123e+00  2.083e+01 
 5.207e+00  6.198e+00  1.675e+01 
 5.356e+00  5.872e+00  3.886e+01 
 5.316e+00  5.735e+00  4.830e+01 
 5.458e+00  5.758e+00  6.952e+01 
 5.135e+00  6.095e+00  1.711e+01 
 5.310e+00  5.919e+00  3.159e+01 
 5.607e+00  5.737e+00  1.277e+02 
 5.224e+00  6.038e+00  2.156e+01 
 5.433e+00  5.823e+00  5.377e+01 
 5.397e+00  6.031e+00  3.080e+01 
 5.181e+00  6.169e+00  1.670e+01 
 5.377e+00  5.777e+00  5.158e+01 
 5.345e+00  5.946e+00  3.240e+01 
 5.426e+00  5.874e+00  4.638e+01 
 5.315e+00  5.917e+00  3.207e+01 
 5.207e+00  6.018e+00  2.157e+01 
 5.233e+00  5.950e+00  2.533e+01 
 5.270e+00  6.121e+00  2.063e+01 
 5.478e+00  5.696e+00  9.028e+01 
 5.492e+00  5.748e+00  8.023e+01 
 5.192e+00  6.143e+00  1.757e+01 
 5.242e+00  6.082e+00  2.082e+01 
 5.251e+00  6.143e+00  1.935e+01 
 5.174e+00  5.954e+00  2.245e+01 
 5.540e+00  5.764e+00  9.011e+01 
 5.237e+00  6.156e+00  1.856e+01 
 5.364e+00  5.999e+00  3.047e+01 
 5.615e+00  5.761e+00  1.206e+02 
 5.549e+00  5.722e+00  1.074e+02 
 5.415e+00  5.704e+00  7.094e+01 
 5.501e+00  5.729e+00  8.795e+01 
 5.222e+00  6.177e+00  1.762e+01 
 5.241e+00  6.106e+00  2.006e+01 
 5.305e+00  5.769e+00  4.315e+01 
 5.249e+00  5.914e+00  2.792e+01 
 5.451e+00  5.892e+00  4.751e+01 
 5.193e+00  6.368e+00  1.351e+01 
 5.183e+00  6.148e+00  1.721e+01 
 5.331e+00  6.174e+00  2.121e+01 
 5.357e+00  6.006e+00  2.961e+01 
 5.363e+00  5.927e+00  3.511e+01 
 5.247e+00  5.974e+00  2.499e+01 
 5.202e+00  5.994e+00  2.219e+01 
 5.405e+00  5.782e+00  5.521e+01 
 5.402e+00  5.733e+00  6.256e+01 
 5.432e+00  5.910e+00  4.326e+01 
 5.261e+00  6.014e+00  2.401e+01 
 5.312e+00  5.939e+00  3.051e+01 
 5.352e+00  6.130e+00  2.360e+01 
 5.374e+00  5.984e+00  3.207e+01 
 5.255e+00  6.407e+00  1.407e+01 
 5.201e+00  6.025e+00  2.111e+01 
 5.670e+00  5.727e+00  1.734e+02 
 5.025e+00  6.467e+00  1.017e+01 
 5.314e+00  6.115e+00  2.253e+01 
 5.413e+00  5.776e+00  5.745e+01 
 5.177e+00  6.034e+00  1.996e+01 
 5.267e+00  6.125e+00  2.041e+01 
 5.437e+00  5.934e+00  4.146e+01 
 5.547e+00  5.728e+00  1.044e+02 
 5.538e+00  5.908e+00  5.837e+01 
 5.183e+00  6.233e+00  1.548e+01 
 5.103e+00  6.410e+00  1.162e+01 
 5.317e+00  6.129e+00  2.216e+01 
 5.187e+00  6.037e+00  2.022e+01 
 5.496e+00  5.850e+00  6.026e+01 
 5.214e+00  6.075e+00  2.004e+01 
 5.365e+00  6.110e+00  2.501e+01 
 5.264e+00  6.063e+00  2.231e+01 
 5.210e+00  5.975e+00  2.322e+01 
 5.525e+00  5.822e+00  7.147e+01 
 5.575e+00  5.721e+00  1.192e+02 
 5.650e+00  5.752e+00  1.438e+02 
 5.293e+00  6.154e+00  2.045e+01 
 5.326e+00  5.906e+00  3.363e+01 
 5.620e+00  5.664e+00  1.805e+02 
 5.148e+00  6.154e+00  1.619e+01 
 5.339e+00  5.858e+00  3.842e+01 
 5.163e+00  6.297e+00  1.400e+01 
 5.323e+00  5.924e+00  3.220e+01 
 5.176e+00  5.994e+00  2.116e+01 
 5.133e+00  6.152e+00  1.587e+01 
 5.330e+00  6.146e+00  2.210e+01 
 5.594e+00  5.794e+00  9.911e+01 
 5.443e+00  5.879e+00  4.799e+01 
 5.142e+00  6.166e+00  1.581e+01 
 5.425e+00  5.852e+00  4.882e+01 
 5.459e+00  5.838e+00  5.576e+01 
 5.273e+00  5.884e+00  3.114e+01 
 5.141e+00  6.160e+00  1.590e+01 
 5.401e+00  5.932e+00  3.807e+01 
 5.135e+00  6.449e+00  1.165e+01 
 5.659e+00  5.719e+00  1.707e+02 
 5.154e+00  6.549e+00  1.094e+01 
 5.293e+00  5.988e+00  2.676e+01 
 5.143e+00  6.192e+00  1.534e+01 
 5.372e+00  5.887e+00  3.912e+01 
 5.156e+00  6.150e+00  1.647e+01 
 5.293e+00  5.988e+00  2.676e+01 
 5.280e+00  6.116e+00  2.116e+01 
 5.210e+00  6.202e+00  1.674e+01 
 5.358e+00  5.877e+00  3.862e+01 
 5.316e+00  5.735e+00  4.830e+01 
